					 DefaultPropeller_Performance.txt 

					 OpenProp Performance Table

Date and time: 2019-04-12 15:06:24

 r/R	 V*	 beta	 betai	 Gamma	 CL	 Sigma	 dBetai
0.164	 9.38	 39.75	 41.37	 0.0389	 0.513	 2.848	 16.24
0.206	 10.88	 33.47	 34.93	 0.0406	 0.498	 2.116	 15.31
0.249	 12.47	 28.75	 30.13	 0.0428	 0.482	 1.609	 14.11
0.291	 14.13	 25.12	 26.39	 0.0447	 0.466	 1.252	 12.92
0.333	 15.84	 22.26	 23.43	 0.0463	 0.450	 0.996	 11.83
0.376	 17.58	 19.96	 21.03	 0.0475	 0.434	 0.809	 10.86
0.418	 19.34	 18.08	 19.06	 0.0485	 0.418	 0.668	 10.01
0.460	 21.11	 16.51	 17.42	 0.0492	 0.402	 0.560	 9.26
0.503	 22.90	 15.18	 16.03	 0.0497	 0.387	 0.475	 8.61
0.545	 24.71	 14.05	 14.84	 0.0499	 0.371	 0.408	 8.03
0.587	 26.52	 13.08	 13.82	 0.0499	 0.355	 0.354	 7.52
0.630	 28.33	 12.23	 12.92	 0.0495	 0.339	 0.310	 7.07
0.672	 30.16	 11.48	 12.13	 0.0489	 0.323	 0.274	 6.66
0.714	 31.98	 10.81	 11.43	 0.0479	 0.307	 0.243	 6.30
0.757	 33.81	 10.22	 10.81	 0.0464	 0.291	 0.217	 5.98
0.799	 35.65	 9.69	 10.25	 0.0443	 0.275	 0.195	 5.68
0.841	 37.48	 9.21	 9.74	 0.0413	 0.260	 0.177	 5.41
0.884	 39.32	 8.78	 9.28	 0.0372	 0.244	 0.160	 5.17
0.926	 41.16	 8.38	 8.87	 0.0312	 0.228	 0.146	 4.94
0.968	 43.01	 8.02	 8.48	 0.0218	 0.212	 0.134	 4.74

r/R 	 [ ], radial position of control points / propeller radius.
V* 	 [m/s], total inflow velocity.
beta 	 [deg], undisturbed flow angle.
betai 	 [deg], hydrodynamic Pitch angle.
Gamma 	 [m^2/s], vortex sheet strength.
CL 	 [ ], section lift coefficient.
Sigma 	 [ ], cavitation number.
d_alpha  [deg], inflow variation bucket width.
