20, 20, 2,
SectionCurve1,
-0.021160,0.018017,0.032460,
-0.020754,0.017943,0.032501,
-0.019547,0.017722,0.032622,
-0.017571,0.017359,0.032817,
-0.014881,0.016859,0.033076,
-0.011539,0.016187,0.033410,
-0.007529,0.015176,0.033882,
-0.003258,0.013733,0.034492,
0.001092,0.011876,0.035174,
0.005353,0.009550,0.035876,
0.009319,0.006722,0.036511,
0.012826,0.003437,0.036966,
0.015845,-0.000104,0.037125,
0.018345,-0.003700,0.036940,
0.020285,-0.007181,0.036424,
0.021642,-0.010384,0.035643,
0.022410,-0.013169,0.034711,
0.022682,-0.015380,0.033790,
0.022290,-0.017048,0.032979,
0.021178,-0.017991,0.032474,
0.019714,-0.018255,0.032327,
0.018075,-0.018083,0.032423,
0.016126,-0.017415,0.032787,
0.013698,-0.016376,0.033318,
0.010935,-0.014925,0.033993,
0.007914,-0.013067,0.034750,
0.004725,-0.010818,0.035514,
0.001466,-0.008204,0.036207,
-0.001736,-0.005238,0.036754,
-0.004737,-0.001917,0.037075,
-0.007511,0.001618,0.037090,
-0.010095,0.005134,0.036768,
-0.012481,0.008398,0.036163,
-0.014753,0.011214,0.035391,
-0.016943,0.013622,0.034535,
-0.018763,0.015517,0.033727,
-0.020102,0.016876,0.033068,
-0.020920,0.017693,0.032638,
-0.021195,0.017965,0.032489,
SectionCurve2,
-0.020620,0.021079,0.038645,
-0.020212,0.020947,0.038716,
-0.018997,0.020551,0.038928,
-0.017009,0.019901,0.039264,
-0.014304,0.019005,0.039705,
-0.010951,0.017839,0.040243,
-0.006979,0.016257,0.040908,
-0.002766,0.014206,0.041664,
0.001512,0.011720,0.042431,
0.005683,0.008773,0.043136,
0.009538,0.005369,0.043691,
0.012918,0.001582,0.043991,
0.015805,-0.002376,0.043955,
0.018179,-0.006300,0.043566,
0.020002,-0.010022,0.042864,
0.021256,-0.013385,0.041935,
0.021942,-0.016261,0.040906,
0.022156,-0.018511,0.039938,
0.021735,-0.020162,0.039131,
0.020640,-0.021056,0.038657,
0.019209,-0.021231,0.038561,
0.017584,-0.020894,0.038745,
0.015648,-0.019994,0.039217,
0.013234,-0.018643,0.039877,
0.010488,-0.016811,0.040683,
0.007489,-0.014513,0.041558,
0.004328,-0.011777,0.042415,
0.001107,-0.008647,0.043162,
-0.002047,-0.005160,0.043716,
-0.004981,-0.001342,0.043999,
-0.007672,0.002651,0.043940,
-0.010159,0.006587,0.043524,
-0.012446,0.010235,0.042813,
-0.014615,0.013405,0.041929,
-0.016674,0.016118,0.040963,
-0.018380,0.018259,0.040054,
-0.019635,0.019798,0.039316,
-0.020402,0.020724,0.038836,
-0.020660,0.021033,0.038670,
SectionCurve3,
-0.019963,0.023827,0.044947,
-0.019558,0.023643,0.045044,
-0.018355,0.023093,0.045328,
-0.016386,0.022186,0.045779,
-0.013706,0.020936,0.046364,
-0.010391,0.019328,0.047057,
-0.006499,0.017240,0.047861,
-0.002382,0.014649,0.048717,
0.001791,0.011606,0.049530,
0.005843,0.008114,0.050220,
0.009570,0.004206,0.050698,
0.012817,-0.000020,0.050872,
0.015575,-0.004346,0.050686,
0.017828,-0.008566,0.050145,
0.019543,-0.012511,0.049309,
0.020708,-0.016032,0.048280,
0.021325,-0.019006,0.047188,
0.021494,-0.021306,0.046195,
0.021056,-0.022953,0.045399,
0.019984,-0.023806,0.044958,
0.018591,-0.023899,0.044908,
0.016995,-0.023410,0.045165,
0.015091,-0.022294,0.045726,
0.012718,-0.020656,0.046489,
0.010020,-0.018474,0.047399,
0.007077,-0.015774,0.048364,
0.003979,-0.012597,0.049287,
0.000827,-0.009003,0.050069,
-0.002248,-0.005051,0.050620,
-0.005095,-0.000791,0.050866,
-0.007688,0.003609,0.050743,
-0.010070,0.007918,0.050252,
-0.012255,0.011907,0.049459,
-0.014322,0.015388,0.048488,
-0.016260,0.018369,0.047440,
-0.017863,0.020726,0.046458,
-0.019043,0.022423,0.045664,
-0.019763,0.023445,0.045147,
-0.020006,0.023786,0.044969,
SectionCurve4,
-0.019292,0.026239,0.051320,
-0.018895,0.026009,0.051437,
-0.017714,0.025324,0.051778,
-0.015781,0.024193,0.052316,
-0.013150,0.022634,0.053009,
-0.009900,0.020641,0.053817,
-0.006108,0.018115,0.054719,
-0.002104,0.015057,0.055638,
0.001948,0.011533,0.056473,
0.005874,0.007573,0.057139,
0.009471,0.003232,0.057548,
0.012592,-0.001372,0.057623,
0.015232,-0.006017,0.057324,
0.017379,-0.010499,0.056675,
0.019003,-0.014648,0.055747,
0.020096,-0.018318,0.054651,
0.020661,-0.021391,0.053523,
0.020799,-0.023746,0.052520,
0.020355,-0.025398,0.051741,
0.019314,-0.026221,0.051330,
0.017964,-0.026241,0.051319,
0.016406,-0.025615,0.051635,
0.014547,-0.024305,0.052264,
0.012229,-0.022409,0.053105,
0.009594,-0.019916,0.054089,
0.006722,-0.016860,0.055118,
0.003703,-0.013295,0.056085,
0.000634,-0.009295,0.056885,
-0.002354,-0.004936,0.057427,
-0.005108,-0.000292,0.057638,
-0.007607,0.004462,0.057466,
-0.009893,0.009095,0.056917,
-0.011985,0.013380,0.056064,
-0.013960,0.017134,0.055033,
-0.015795,0.020346,0.053929,
-0.017311,0.022891,0.052899,
-0.018426,0.024726,0.052066,
-0.019107,0.025833,0.051526,
-0.019336,0.026202,0.051339,
SectionCurve5,
-0.018552,0.028238,0.057745,
-0.018166,0.027969,0.057876,
-0.017017,0.027168,0.058256,
-0.015137,0.025847,0.058854,
-0.012579,0.024025,0.059621,
-0.009421,0.021707,0.060504,
-0.005753,0.018815,0.061465,
-0.001885,0.015370,0.062415,
0.002027,0.011450,0.063252,
0.005810,0.007106,0.063886,
0.009267,0.002414,0.064235,
0.012257,-0.002495,0.064231,
0.014777,-0.007398,0.063853,
0.016820,-0.012092,0.063132,
0.018359,-0.016408,0.062150,
0.019387,-0.020203,0.061022,
0.019909,-0.023361,0.059885,
0.020022,-0.025765,0.058890,
0.019581,-0.027424,0.058136,
0.018575,-0.028221,0.057753,
0.017272,-0.028180,0.057774,
0.015760,-0.027437,0.058130,
0.013955,-0.025962,0.058804,
0.011705,-0.023848,0.059692,
0.009150,-0.021093,0.060721,
0.006366,-0.017740,0.061783,
0.003441,-0.013854,0.062769,
0.000473,-0.009519,0.063571,
-0.002412,-0.004828,0.064098,
-0.005063,0.000129,0.064280,
-0.007459,0.005172,0.064071,
-0.009644,0.010069,0.063486,
-0.011639,0.014598,0.062600,
-0.013519,0.018577,0.061537,
-0.015254,0.021980,0.060405,
-0.016685,0.024681,0.059353,
-0.017737,0.026633,0.058503,
-0.018381,0.027811,0.057952,
-0.018597,0.028205,0.057762,
SectionCurve6,
-0.017836,0.029945,0.064104,
-0.017462,0.029643,0.064244,
-0.016350,0.028741,0.064653,
-0.014530,0.027254,0.065294,
-0.012054,0.025205,0.066112,
-0.008999,0.022606,0.067045,
-0.005462,0.019401,0.068041,
-0.001734,0.015627,0.069006,
0.002034,0.011373,0.069833,
0.005674,0.006706,0.070435,
0.008995,0.001719,0.070732,
0.011861,-0.003445,0.070669,
0.014273,-0.008566,0.070233,
0.016225,-0.013440,0.069465,
0.017691,-0.017901,0.068451,
0.018666,-0.021805,0.067310,
0.019157,-0.025037,0.066176,
0.019257,-0.027486,0.065196,
0.018826,-0.029152,0.064469,
0.017858,-0.029930,0.064111,
0.016604,-0.029837,0.064154,
0.015140,-0.028994,0.064540,
0.013391,-0.027376,0.065242,
0.011212,-0.025074,0.066162,
0.008737,-0.022094,0.067215,
0.006043,-0.018486,0.068296,
0.003215,-0.014325,0.069288,
0.000348,-0.009707,0.070084,
-0.002436,-0.004734,0.070595,
-0.004988,0.000489,0.070752,
-0.007287,0.005775,0.070517,
-0.009378,0.010896,0.069909,
-0.011284,0.015634,0.069005,
-0.013075,0.019805,0.067925,
-0.014718,0.023372,0.066781,
-0.016071,0.026208,0.065720,
-0.017067,0.028260,0.064864,
-0.017676,0.029500,0.064310,
-0.017881,0.029915,0.064118,
SectionCurve7,
-0.016896,0.030941,0.070531,
-0.016538,0.030615,0.070673,
-0.015476,0.029642,0.071087,
-0.013738,0.028039,0.071734,
-0.011372,0.025832,0.072558,
-0.008455,0.023042,0.073492,
-0.005085,0.019628,0.074476,
-0.001536,0.015642,0.075414,
0.002051,0.011180,0.076204,
0.005509,0.006321,0.076760,
0.008659,0.001168,0.077011,
0.011369,-0.004131,0.076909,
0.013642,-0.009358,0.076449,
0.015476,-0.014317,0.075677,
0.016847,-0.018841,0.074679,
0.017751,-0.022790,0.073570,
0.018196,-0.026050,0.072480,
0.018274,-0.028513,0.071547,
0.017849,-0.030171,0.070864,
0.016918,-0.030927,0.070537,
0.015714,-0.030794,0.070595,
0.014308,-0.029880,0.070987,
0.012632,-0.028166,0.071684,
0.010546,-0.025739,0.072591,
0.008180,-0.022615,0.073624,
0.005608,-0.018850,0.074677,
0.002912,-0.014524,0.075638,
0.000183,-0.009741,0.076401,
-0.002460,-0.004612,0.076881,
-0.004875,0.000751,0.077016,
-0.007041,0.006161,0.076773,
-0.009004,0.011396,0.076172,
-0.010790,0.016242,0.075287,
-0.012465,0.020519,0.074236,
-0.013995,0.024179,0.073126,
-0.015255,0.027095,0.072096,
-0.016182,0.029207,0.071267,
-0.016749,0.030486,0.070729,
-0.016940,0.030914,0.070543,
SectionCurve8,
-0.015959,0.031565,0.076806,
-0.015619,0.031221,0.076947,
-0.014609,0.030195,0.077355,
-0.012956,0.028505,0.077994,
-0.010705,0.026181,0.078804,
-0.007932,0.023249,0.079719,
-0.004733,0.019687,0.080672,
-0.001364,0.015553,0.081570,
0.002038,0.010951,0.082314,
0.005316,0.005968,0.082825,
0.008295,0.000716,0.083036,
0.010851,-0.004657,0.082909,
0.012990,-0.009938,0.082443,
0.014710,-0.014934,0.081686,
0.015991,-0.019484,0.080721,
0.016829,-0.023448,0.079660,
0.017233,-0.026714,0.078625,
0.017292,-0.029174,0.077746,
0.016875,-0.030818,0.077109,
0.015981,-0.031553,0.076811,
0.014828,-0.031389,0.076878,
0.013480,-0.030422,0.077266,
0.011877,-0.028638,0.077945,
0.009885,-0.026124,0.078823,
0.007630,-0.022900,0.079820,
0.005181,-0.019029,0.080830,
0.002619,-0.014597,0.081746,
0.000029,-0.009711,0.082470,
-0.002472,-0.004488,0.082918,
-0.004750,0.000955,0.083034,
-0.006785,0.006431,0.082790,
-0.008623,0.011726,0.082207,
-0.010289,0.016630,0.081357,
-0.011850,0.020970,0.080348,
-0.013270,0.024685,0.079286,
-0.014439,0.027649,0.078301,
-0.015300,0.029801,0.077508,
-0.015825,0.031104,0.076994,
-0.016002,0.031541,0.076816,
SectionCurve9,
-0.015120,0.032018,0.082802,
-0.014797,0.031660,0.082939,
-0.013836,0.030590,0.083340,
-0.012263,0.028829,0.083965,
-0.010123,0.026410,0.084757,
-0.007485,0.023366,0.085647,
-0.004447,0.019686,0.086567,
-0.001246,0.015439,0.087424,
0.001986,0.010731,0.088126,
0.005098,0.005657,0.088596,
0.007923,0.000334,0.088776,
0.010342,-0.005088,0.088631,
0.012364,-0.010401,0.088165,
0.013987,-0.015418,0.087428,
0.015193,-0.019978,0.086499,
0.015978,-0.023946,0.085486,
0.016352,-0.027210,0.084504,
0.016400,-0.029663,0.083674,
0.015996,-0.031291,0.083079,
0.015141,-0.032007,0.082806,
0.014036,-0.031819,0.082879,
0.012744,-0.030809,0.083259,
0.011207,-0.028972,0.083916,
0.009301,-0.026390,0.084764,
0.007145,-0.023090,0.085721,
0.004808,-0.019139,0.086689,
0.002366,-0.014628,0.087563,
-0.000098,-0.009667,0.088249,
-0.002473,-0.004376,0.088669,
-0.004629,0.001121,0.088770,
-0.006549,0.006641,0.088528,
-0.008275,0.011975,0.087965,
-0.009837,0.016918,0.087150,
-0.011296,0.021300,0.086183,
-0.012619,0.025053,0.085168,
-0.013707,0.028052,0.084228,
-0.014508,0.030231,0.083471,
-0.014997,0.031553,0.082980,
-0.015162,0.031996,0.082810,
SectionCurve10,
-0.014111,0.031761,0.088679,
-0.013807,0.031397,0.088808,
-0.012903,0.030314,0.089184,
-0.011424,0.028531,0.089770,
-0.009411,0.026086,0.090511,
-0.006931,0.023014,0.091341,
-0.004076,0.019316,0.092193,
-0.001069,0.015067,0.092982,
0.001968,0.010373,0.093622,
0.004887,0.005332,0.094044,
0.007530,0.000060,0.094195,
0.009787,-0.005292,0.094046,
0.011667,-0.010528,0.093605,
0.013169,-0.015466,0.092917,
0.014279,-0.019953,0.092058,
0.014994,-0.023854,0.091125,
0.015324,-0.027060,0.090225,
0.015350,-0.029468,0.089467,
0.014952,-0.031059,0.088927,
0.014131,-0.031751,0.088683,
0.013075,-0.031548,0.088755,
0.011843,-0.030526,0.089112,
0.010384,-0.028682,0.089722,
0.008578,-0.026096,0.090508,
0.006542,-0.022801,0.091394,
0.004339,-0.018867,0.092287,
0.002042,-0.014383,0.093091,
-0.000268,-0.009463,0.093719,
-0.002489,-0.004226,0.094100,
-0.004494,0.001204,0.094188,
-0.006269,0.006651,0.093960,
-0.007858,0.011913,0.093439,
-0.009290,0.016794,0.092686,
-0.010623,0.021130,0.091795,
-0.011831,0.024846,0.090859,
-0.012824,0.027821,0.089993,
-0.013555,0.029986,0.089295,
-0.014001,0.031300,0.088843,
-0.014151,0.031741,0.088686,
SectionCurve11,
-0.013054,0.031018,0.094291,
-0.012770,0.030657,0.094409,
-0.011926,0.029581,0.094752,
-0.010545,0.027812,0.095286,
-0.008664,0.025389,0.095960,
-0.006348,0.022349,0.096713,
-0.003683,0.018704,0.097484,
-0.000874,0.014530,0.098193,
0.001959,0.009931,0.098764,
0.004679,0.005006,0.099136,
0.007134,-0.000131,0.099262,
0.009222,-0.005337,0.099118,
0.010952,-0.010423,0.098713,
0.012328,-0.015217,0.098089,
0.013336,-0.019572,0.097313,
0.013975,-0.023358,0.096474,
0.014256,-0.026470,0.095668,
0.014257,-0.028806,0.094990,
0.013863,-0.030344,0.094510,
0.013074,-0.031008,0.094294,
0.012064,-0.030800,0.094363,
0.010893,-0.029788,0.094687,
0.009514,-0.027971,0.095240,
0.007813,-0.025428,0.095950,
0.005899,-0.022195,0.096749,
0.003836,-0.018342,0.097553,
0.001693,-0.013960,0.098276,
-0.000457,-0.009158,0.098839,
-0.002514,-0.004056,0.099179,
-0.004359,0.001228,0.099254,
-0.005981,0.006524,0.099047,
-0.007424,0.011641,0.098577,
-0.008717,0.016393,0.097899,
-0.009919,0.020622,0.097096,
-0.011006,0.024250,0.096254,
-0.011899,0.027159,0.095474,
-0.012556,0.029278,0.094846,
-0.012958,0.030567,0.094438,
-0.013093,0.030999,0.094297,
SectionCurve12,
-0.012030,0.029982,0.099528,
-0.011765,0.029628,0.099634,
-0.010980,0.028574,0.099941,
-0.009693,0.026843,0.100420,
-0.007942,0.024473,0.101024,
-0.005785,0.021506,0.101697,
-0.003304,0.017957,0.102383,
-0.000689,0.013905,0.103011,
0.001948,0.009451,0.103515,
0.004475,0.004691,0.103840,
0.006749,-0.000264,0.103945,
0.008673,-0.005277,0.103812,
0.010259,-0.010171,0.103447,
0.011513,-0.014784,0.102889,
0.012423,-0.018974,0.102199,
0.012989,-0.022618,0.101455,
0.013223,-0.025613,0.100741,
0.013200,-0.027861,0.100142,
0.012809,-0.029338,0.099720,
0.012049,-0.029973,0.099531,
0.011083,-0.029766,0.099593,
0.009970,-0.028778,0.099883,
0.008668,-0.027011,0.100375,
0.007066,-0.024541,0.101007,
0.005272,-0.021405,0.101718,
0.003345,-0.017674,0.102432,
0.001349,-0.013437,0.103073,
-0.000645,-0.008801,0.103572,
-0.002543,-0.003879,0.103873,
-0.004233,0.001213,0.103939,
-0.005706,0.006315,0.103754,
-0.007005,0.011245,0.103336,
-0.008164,0.015828,0.102733,
-0.009237,0.019914,0.102020,
-0.010206,0.023423,0.101272,
-0.011003,0.026239,0.100579,
-0.011589,0.028295,0.100021,
-0.011947,0.029545,0.099658,
-0.012068,0.029964,0.099533,
SectionCurve13,
-0.010937,0.028424,0.104418,
-0.010693,0.028085,0.104509,
-0.009968,0.027077,0.104775,
-0.008781,0.025421,0.105189,
-0.007165,0.023156,0.105711,
-0.005174,0.020323,0.106292,
-0.002885,0.016944,0.106883,
-0.000471,0.013094,0.107422,
0.001960,0.008871,0.107853,
0.004285,0.004363,0.108129,
0.006367,-0.000323,0.108217,
0.008117,-0.005061,0.108099,
0.009548,-0.009685,0.107783,
0.010670,-0.014044,0.107302,
0.011472,-0.018005,0.106709,
0.011956,-0.021453,0.106070,
0.012135,-0.024288,0.105457,
0.012082,-0.026417,0.104944,
0.011689,-0.027815,0.104582,
0.010955,-0.028416,0.104420,
0.010032,-0.028220,0.104473,
0.008977,-0.027279,0.104723,
0.007753,-0.025598,0.105146,
0.006256,-0.023251,0.105690,
0.004588,-0.020274,0.106301,
0.002804,-0.016735,0.106916,
0.000965,-0.012720,0.107467,
-0.000862,-0.008332,0.107896,
-0.002590,-0.003676,0.108155,
-0.004112,0.001139,0.108211,
-0.005423,0.005964,0.108053,
-0.006567,0.010628,0.107694,
-0.007578,0.014970,0.107177,
-0.008512,0.018846,0.106564,
-0.009354,0.022180,0.105920,
-0.010047,0.024859,0.105323,
-0.010557,0.026817,0.104842,
-0.010868,0.028008,0.104530,
-0.010973,0.028408,0.104422,
SectionCurve14,
-0.009836,0.026512,0.108869,
-0.009613,0.026194,0.108946,
-0.008948,0.025247,0.109170,
-0.007860,0.023692,0.109517,
-0.006380,0.021568,0.109955,
-0.004555,0.018916,0.110443,
-0.002456,0.015757,0.110937,
-0.000241,0.012165,0.111388,
0.001985,0.008229,0.111748,
0.004107,0.004033,0.111978,
0.005998,-0.000327,0.112050,
0.007572,-0.004734,0.111951,
0.008848,-0.009036,0.111686,
0.009835,-0.013093,0.111283,
0.010527,-0.016784,0.110787,
0.010927,-0.019998,0.110252,
0.011048,-0.022644,0.109739,
0.010962,-0.024632,0.109310,
0.010565,-0.025940,0.109007,
0.009854,-0.026505,0.108871,
0.008969,-0.026326,0.108914,
0.007971,-0.025450,0.109122,
0.006825,-0.023882,0.109476,
0.005431,-0.021692,0.109931,
0.003887,-0.018915,0.110443,
0.002245,-0.015617,0.110957,
0.000564,-0.011878,0.111419,
-0.001096,-0.007792,0.111779,
-0.002652,-0.003459,0.111997,
-0.004004,0.001023,0.112046,
-0.005150,0.005516,0.111915,
-0.006135,0.009863,0.111616,
-0.006996,0.013914,0.111183,
-0.007786,0.017538,0.110670,
-0.008500,0.020657,0.110130,
-0.009087,0.023168,0.109630,
-0.009519,0.025003,0.109225,
-0.009783,0.026122,0.108963,
-0.009872,0.026497,0.108873,
SectionCurve15,
-0.008608,0.023936,0.112913,
-0.008406,0.023648,0.112974,
-0.007807,0.022791,0.113150,
-0.006825,0.021385,0.113424,
-0.005489,0.019466,0.113769,
-0.003842,0.017072,0.114153,
-0.001947,0.014224,0.114542,
0.000052,0.010989,0.114898,
0.002057,0.007447,0.115182,
0.003959,0.003672,0.115364,
0.005638,-0.000252,0.115422,
0.007016,-0.004222,0.115345,
0.008116,-0.008101,0.115138,
0.008948,-0.011764,0.114821,
0.009511,-0.015099,0.114430,
0.009810,-0.018010,0.114008,
0.009860,-0.020410,0.113603,
0.009729,-0.022216,0.113264,
0.009319,-0.023408,0.113024,
0.008625,-0.023929,0.112915,
0.007778,-0.023777,0.112947,
0.006838,-0.022994,0.113109,
0.005776,-0.021585,0.113386,
0.004494,-0.019615,0.113743,
0.003087,-0.017116,0.114146,
0.001604,-0.014147,0.114552,
0.000098,-0.010781,0.114918,
-0.001375,-0.007103,0.115203,
-0.002737,-0.003200,0.115378,
-0.003897,0.000840,0.115419,
-0.004854,0.004895,0.115318,
-0.005659,0.008823,0.115084,
-0.006348,0.012490,0.114744,
-0.006976,0.015774,0.114339,
-0.007546,0.018608,0.113912,
-0.008015,0.020890,0.113516,
-0.008360,0.022561,0.113196,
-0.008571,0.023579,0.112988,
-0.008642,0.023922,0.112916,
SectionCurve16,
-0.007308,0.020864,0.116457,
-0.007129,0.020613,0.116501,
-0.006597,0.019868,0.116631,
-0.005725,0.018648,0.116832,
-0.004539,0.016983,0.117086,
-0.003076,0.014907,0.117368,
-0.001392,0.012437,0.117655,
0.000384,0.009634,0.117918,
0.002159,0.006564,0.118129,
0.003830,0.003290,0.118265,
0.005287,-0.000118,0.118311,
0.006459,-0.003573,0.118257,
0.007370,-0.006954,0.118106,
0.008037,-0.010153,0.117874,
0.008460,-0.013072,0.117587,
0.008648,-0.015625,0.117275,
0.008617,-0.017736,0.116974,
0.008435,-0.019328,0.116721,
0.008006,-0.020386,0.116541,
0.007325,-0.020857,0.116458,
0.006511,-0.020741,0.116479,
0.005630,-0.020075,0.116595,
0.004653,-0.018860,0.116798,
0.003488,-0.017158,0.117060,
0.002223,-0.014995,0.117357,
0.000905,-0.012422,0.117657,
-0.000417,-0.009502,0.117929,
-0.001692,-0.006309,0.118143,
-0.002849,-0.002915,0.118275,
-0.003803,0.000604,0.118309,
-0.004559,0.004143,0.118238,
-0.005167,0.007579,0.118068,
-0.005672,0.010791,0.117818,
-0.006125,0.013675,0.117518,
-0.006540,0.016167,0.117201,
-0.006883,0.018177,0.116906,
-0.007135,0.019650,0.116668,
-0.007289,0.020548,0.116513,
-0.007341,0.020850,0.116459,
SectionCurve17,
-0.006180,0.018033,0.119344,
-0.006021,0.017818,0.119377,
-0.005548,0.017177,0.119471,
-0.004773,0.016129,0.119617,
-0.003719,0.014699,0.119801,
-0.002419,0.012918,0.120006,
-0.000919,0.010799,0.120215,
0.000661,0.008394,0.120407,
0.002235,0.005760,0.120562,
0.003706,0.002947,0.120663,
0.004971,0.000013,0.120699,
0.005964,-0.002969,0.120663,
0.006712,-0.005895,0.120555,
0.007237,-0.008667,0.120388,
0.007540,-0.011203,0.120178,
0.007634,-0.013426,0.119950,
0.007534,-0.015269,0.119729,
0.007310,-0.016664,0.119543,
0.006866,-0.017599,0.119409,
0.006196,-0.018026,0.119345,
0.005411,-0.017947,0.119357,
0.004578,-0.017392,0.119440,
0.003673,-0.016360,0.119585,
0.002605,-0.014908,0.119775,
0.001461,-0.013057,0.119991,
0.000284,-0.010850,0.120210,
-0.000881,-0.008341,0.120411,
-0.001986,-0.005592,0.120569,
-0.002966,-0.002665,0.120670,
-0.003742,0.000379,0.120698,
-0.004321,0.003448,0.120650,
-0.004759,0.006434,0.120528,
-0.005100,0.009230,0.120346,
-0.005399,0.011745,0.120126,
-0.005676,0.013922,0.119893,
-0.005905,0.015680,0.119676,
-0.006074,0.016969,0.119500,
-0.006178,0.017756,0.119386,
-0.006212,0.018020,0.119346,
SectionCurve18,
-0.005221,0.015501,0.121588,
-0.005079,0.015317,0.121611,
-0.004656,0.014772,0.121679,
-0.003963,0.013879,0.121784,
-0.003021,0.012663,0.121916,
-0.001857,0.011147,0.122064,
-0.000514,0.009345,0.122215,
0.000901,0.007298,0.122355,
0.002305,0.005054,0.122468,
0.003608,0.002653,0.122543,
0.004709,0.000140,0.122572,
0.005549,-0.002421,0.122548,
0.006160,-0.004939,0.122472,
0.006562,-0.007332,0.122353,
0.006763,-0.009526,0.122201,
0.006776,-0.011455,0.122036,
0.006617,-0.013060,0.121874,
0.006356,-0.014279,0.121737,
0.005899,-0.015104,0.121638,
0.005237,-0.015495,0.121589,
0.004476,-0.015450,0.121594,
0.003683,-0.014995,0.121651,
0.002838,-0.014129,0.121755,
0.001852,-0.012902,0.121891,
0.000810,-0.011331,0.122047,
-0.000248,-0.009452,0.122207,
-0.001280,-0.007310,0.122354,
-0.002241,-0.004957,0.122472,
-0.003071,-0.002446,0.122548,
-0.003694,0.000175,0.122572,
-0.004124,0.002826,0.122539,
-0.004416,0.005411,0.122453,
-0.004617,0.007837,0.122321,
-0.004784,0.010023,0.122161,
-0.004942,0.011918,0.121991,
-0.005075,0.013449,0.121832,
-0.005173,0.014572,0.121703,
-0.005233,0.015258,0.121619,
-0.005253,0.015488,0.121590,
SectionCurve19,
-0.004500,0.013527,0.123178,
-0.004370,0.013369,0.123195,
-0.003984,0.012899,0.123245,
-0.003353,0.012129,0.123323,
-0.002493,0.011080,0.123422,
-0.001430,0.009773,0.123532,
-0.000204,0.008218,0.123645,
0.001088,0.006451,0.123750,
0.002365,0.004511,0.123836,
0.003541,0.002431,0.123894,
0.004519,0.000247,0.123918,
0.005245,-0.001987,0.123902,
0.005751,-0.004191,0.123847,
0.006061,-0.006289,0.123758,
0.006184,-0.008217,0.123645,
0.006134,-0.009918,0.123521,
0.005930,-0.011337,0.123398,
0.005640,-0.012419,0.123294,
0.005172,-0.013159,0.123217,
0.004516,-0.013521,0.123178,
0.003771,-0.013504,0.123180,
0.003009,-0.013128,0.123221,
0.002210,-0.012391,0.123297,
0.001287,-0.011340,0.123398,
0.000322,-0.009988,0.123515,
-0.000647,-0.008364,0.123635,
-0.001578,-0.006508,0.123747,
-0.002430,-0.004464,0.123838,
-0.003147,-0.002275,0.123897,
-0.003656,0.000017,0.123918,
-0.003972,0.002343,0.123896,
-0.004154,0.004617,0.123832,
-0.004251,0.006755,0.123734,
-0.004319,0.008684,0.123613,
-0.004389,0.010358,0.123484,
-0.004450,0.011712,0.123363,
-0.004495,0.012705,0.123265,
-0.004522,0.013311,0.123201,
-0.004532,0.013515,0.123179,
SectionCurve20,
-0.004055,0.012282,0.124123,
-0.003933,0.012140,0.124137,
-0.003570,0.011717,0.124178,
-0.002975,0.011025,0.124241,
-0.002165,0.010082,0.124321,
-0.001165,0.008908,0.124411,
-0.000010,0.007510,0.124503,
0.001207,0.005920,0.124589,
0.002406,0.004172,0.124659,
0.003504,0.002293,0.124708,
0.004406,0.000316,0.124729,
0.005061,-0.001712,0.124717,
0.005502,-0.003716,0.124674,
0.005755,-0.005629,0.124602,
0.005829,-0.007391,0.124510,
0.005740,-0.008947,0.124408,
0.005508,-0.010250,0.124307,
0.005199,-0.011246,0.124221,
0.004723,-0.011932,0.124157,
0.004071,-0.012276,0.124124,
0.003337,-0.012276,0.124124,
0.002594,-0.011950,0.124155,
0.001823,-0.011294,0.124217,
0.000939,-0.010355,0.124299,
0.000021,-0.009141,0.124394,
-0.000891,-0.007679,0.124493,
-0.001759,-0.006003,0.124585,
-0.002545,-0.004153,0.124660,
-0.003191,-0.002167,0.124710,
-0.003629,-0.000082,0.124729,
-0.003876,0.002039,0.124712,
-0.003990,0.004117,0.124661,
-0.004023,0.006073,0.124581,
-0.004030,0.007840,0.124482,
-0.004047,0.009375,0.124376,
-0.004063,0.010616,0.124277,
-0.004076,0.011527,0.124195,
-0.004084,0.012083,0.124142,
-0.004086,0.012270,0.124124,
SectionCurve21,
-0.003905,0.011857,0.124436,
-0.003785,0.011721,0.124449,
-0.003430,0.011314,0.124487,
-0.002847,0.010649,0.124546,
-0.002055,0.009742,0.124620,
-0.001075,0.008614,0.124703,
0.000056,0.007269,0.124788,
0.001247,0.005739,0.124868,
0.002420,0.004057,0.124934,
0.003492,0.002247,0.124980,
0.004369,0.000341,0.125000,
0.005000,-0.001618,0.124990,
0.005419,-0.003555,0.124949,
0.005652,-0.005404,0.124883,
0.005710,-0.007109,0.124798,
0.005608,-0.008616,0.124703,
0.005366,-0.009879,0.124609,
0.005050,-0.010845,0.124529,
0.004572,-0.011514,0.124469,
0.003920,-0.011851,0.124437,
0.003190,-0.011857,0.124436,
0.002454,-0.011548,0.124465,
0.001693,-0.010920,0.124522,
0.000822,-0.010019,0.124598,
-0.000080,-0.008852,0.124686,
-0.000973,-0.007445,0.124778,
-0.001820,-0.005830,0.124864,
-0.002583,-0.004047,0.124934,
-0.003206,-0.002130,0.124982,
-0.003620,-0.000115,0.125000,
-0.003843,0.001936,0.124985,
-0.003934,0.003947,0.124938,
-0.003946,0.005841,0.124863,
-0.003933,0.007552,0.124772,
-0.003931,0.009040,0.124673,
-0.003933,0.010242,0.124580,
-0.003934,0.011125,0.124504,
-0.003936,0.011664,0.124455,
-0.003936,0.011846,0.124437,
GuideCurve1,
-0.021160,0.018017,0.032460,
-0.020620,0.021079,0.038645,
-0.019963,0.023827,0.044947,
-0.019292,0.026239,0.051320,
-0.018552,0.028238,0.057745,
-0.017836,0.029945,0.064104,
-0.016896,0.030941,0.070531,
-0.015959,0.031565,0.076806,
-0.015120,0.032018,0.082802,
-0.014111,0.031761,0.088679,
-0.013054,0.031018,0.094291,
-0.012030,0.029982,0.099528,
-0.010937,0.028424,0.104418,
-0.009836,0.026512,0.108869,
-0.008608,0.023936,0.112913,
-0.007308,0.020864,0.116457,
-0.006180,0.018033,0.119344,
-0.005221,0.015501,0.121588,
-0.004500,0.013527,0.123178,
-0.004055,0.012282,0.124123,
-0.003905,0.011857,0.124436,
GuideCurve2,
-0.011539,0.016187,0.033410,
-0.010951,0.017839,0.040243,
-0.010391,0.019328,0.047057,
-0.009900,0.020641,0.053817,
-0.009421,0.021707,0.060504,
-0.008999,0.022606,0.067045,
-0.008455,0.023042,0.073492,
-0.007932,0.023249,0.079719,
-0.007485,0.023366,0.085647,
-0.006931,0.023014,0.091341,
-0.006348,0.022349,0.096713,
-0.005785,0.021506,0.101697,
-0.005174,0.020323,0.106292,
-0.004555,0.018916,0.110443,
-0.003842,0.017072,0.114153,
-0.003076,0.014907,0.117368,
-0.002419,0.012918,0.120006,
-0.001857,0.011147,0.122064,
-0.001430,0.009773,0.123532,
-0.001165,0.008908,0.124411,
-0.001075,0.008614,0.124703,
GuideCurve3,
0.015845,-0.000104,0.037125,
0.015805,-0.002376,0.043955,
0.015575,-0.004346,0.050686,
0.015232,-0.006017,0.057324,
0.014777,-0.007398,0.063853,
0.014273,-0.008566,0.070233,
0.013642,-0.009358,0.076449,
0.012990,-0.009938,0.082443,
0.012364,-0.010401,0.088165,
0.011667,-0.010528,0.093605,
0.010952,-0.010423,0.098713,
0.010259,-0.010171,0.103447,
0.009548,-0.009685,0.107783,
0.008848,-0.009036,0.111686,
0.008116,-0.008101,0.115138,
0.007370,-0.006954,0.118106,
0.006712,-0.005895,0.120555,
0.006160,-0.004939,0.122472,
0.005751,-0.004191,0.123847,
0.005502,-0.003716,0.124674,
0.005419,-0.003555,0.124949,
GuideCurve4,
0.021178,-0.017991,0.032474,
0.020640,-0.021056,0.038657,
0.019984,-0.023806,0.044958,
0.019314,-0.026221,0.051330,
0.018575,-0.028221,0.057753,
0.017858,-0.029930,0.064111,
0.016918,-0.030927,0.070537,
0.015981,-0.031553,0.076811,
0.015141,-0.032007,0.082806,
0.014131,-0.031751,0.088683,
0.013074,-0.031008,0.094294,
0.012049,-0.029973,0.099531,
0.010955,-0.028416,0.104420,
0.009854,-0.026505,0.108871,
0.008625,-0.023929,0.112915,
0.007325,-0.020857,0.116458,
0.006196,-0.018026,0.119345,
0.005237,-0.015495,0.121589,
0.004516,-0.013521,0.123178,
0.004071,-0.012276,0.124124,
0.003920,-0.011851,0.124437,
GuideCurve5,
0.010935,-0.014925,0.033993,
0.010488,-0.016811,0.040683,
0.010020,-0.018474,0.047399,
0.009594,-0.019916,0.054089,
0.009150,-0.021093,0.060721,
0.008737,-0.022094,0.067215,
0.008180,-0.022615,0.073624,
0.007630,-0.022900,0.079820,
0.007145,-0.023090,0.085721,
0.006542,-0.022801,0.091394,
0.005899,-0.022195,0.096749,
0.005272,-0.021405,0.101718,
0.004588,-0.020274,0.106301,
0.003887,-0.018915,0.110443,
0.003087,-0.017116,0.114146,
0.002223,-0.014995,0.117357,
0.001461,-0.013057,0.119991,
0.000810,-0.011331,0.122047,
0.000322,-0.009988,0.123515,
0.000021,-0.009141,0.124394,
-0.000080,-0.008852,0.124686,
GuideCurve6,
-0.010095,0.005134,0.036768,
-0.010159,0.006587,0.043524,
-0.010070,0.007918,0.050252,
-0.009893,0.009095,0.056917,
-0.009644,0.010069,0.063486,
-0.009378,0.010896,0.069909,
-0.009004,0.011396,0.076172,
-0.008623,0.011726,0.082207,
-0.008275,0.011975,0.087965,
-0.007858,0.011913,0.093439,
-0.007424,0.011641,0.098577,
-0.007005,0.011245,0.103336,
-0.006567,0.010628,0.107694,
-0.006135,0.009863,0.111616,
-0.005659,0.008823,0.115084,
-0.005167,0.007579,0.118068,
-0.004759,0.006434,0.120528,
-0.004416,0.005411,0.122453,
-0.004154,0.004617,0.123832,
-0.003990,0.004117,0.124661,
-0.003934,0.003947,0.124938,
GuideCurve7,
-0.021195,0.017965,0.032489,
-0.020660,0.021033,0.038670,
-0.020006,0.023786,0.044969,
-0.019336,0.026202,0.051339,
-0.018597,0.028205,0.057762,
-0.017881,0.029915,0.064118,
-0.016940,0.030914,0.070543,
-0.016002,0.031541,0.076816,
-0.015162,0.031996,0.082810,
-0.014151,0.031741,0.088686,
-0.013093,0.030999,0.094297,
-0.012068,0.029964,0.099533,
-0.010973,0.028408,0.104422,
-0.009872,0.026497,0.108873,
-0.008642,0.023922,0.112916,
-0.007341,0.020850,0.116459,
-0.006212,0.018020,0.119346,
-0.005253,0.015488,0.121590,
-0.004532,0.013515,0.123179,
-0.004086,0.012270,0.124124,
-0.003936,0.011846,0.124437,
TEGuideCurve1,
-0.021160,0.018017,0.032460,
-0.020620,0.021079,0.038645,
-0.019963,0.023827,0.044947,
-0.019292,0.026239,0.051320,
-0.018552,0.028238,0.057745,
-0.017836,0.029945,0.064104,
-0.016896,0.030941,0.070531,
-0.015959,0.031565,0.076806,
-0.015120,0.032018,0.082802,
-0.014111,0.031761,0.088679,
-0.013054,0.031018,0.094291,
-0.012030,0.029982,0.099528,
-0.010937,0.028424,0.104418,
-0.009836,0.026512,0.108869,
-0.008608,0.023936,0.112913,
-0.007308,0.020864,0.116457,
-0.006180,0.018033,0.119344,
-0.005221,0.015501,0.121588,
-0.004500,0.013527,0.123178,
-0.004055,0.012282,0.124123,
-0.003905,0.011857,0.124436,
TEGuideCurve7,
-0.021195,0.017965,0.032489,
-0.020660,0.021033,0.038670,
-0.020006,0.023786,0.044969,
-0.019336,0.026202,0.051339,
-0.018597,0.028205,0.057762,
-0.017881,0.029915,0.064118,
-0.016940,0.030914,0.070543,
-0.016002,0.031541,0.076816,
-0.015162,0.031996,0.082810,
-0.014151,0.031741,0.088686,
-0.013093,0.030999,0.094297,
-0.012068,0.029964,0.099533,
-0.010973,0.028408,0.104422,
-0.009872,0.026497,0.108873,
-0.008642,0.023922,0.112916,
-0.007341,0.020850,0.116459,
-0.006212,0.018020,0.119346,
-0.005253,0.015488,0.121590,
-0.004532,0.013515,0.123179,
-0.004086,0.012270,0.124124,
-0.003936,0.011846,0.124437,
TipSectionCurve21,
-0.003905,0.011857,0.124436,
-0.003785,0.011721,0.124449,
-0.003430,0.011314,0.124487,
-0.002847,0.010649,0.124546,
-0.002055,0.009742,0.124620,
-0.001075,0.008614,0.124703,
0.000056,0.007269,0.124788,
0.001247,0.005739,0.124868,
0.002420,0.004057,0.124934,
0.003492,0.002247,0.124980,
0.004369,0.000341,0.125000,
0.005000,-0.001618,0.124990,
0.005419,-0.003555,0.124949,
0.005652,-0.005404,0.124883,
0.005710,-0.007109,0.124798,
0.005608,-0.008616,0.124703,
0.005366,-0.009879,0.124609,
0.005050,-0.010845,0.124529,
0.004572,-0.011514,0.124469,
0.003920,-0.011851,0.124437,
0.003190,-0.011857,0.124436,
0.002454,-0.011548,0.124465,
0.001693,-0.010920,0.124522,
0.000822,-0.010019,0.124598,
-0.000080,-0.008852,0.124686,
-0.000973,-0.007445,0.124778,
-0.001820,-0.005830,0.124864,
-0.002583,-0.004047,0.124934,
-0.003206,-0.002130,0.124982,
-0.003620,-0.000115,0.125000,
-0.003843,0.001936,0.124985,
-0.003934,0.003947,0.124938,
-0.003946,0.005841,0.124863,
-0.003933,0.007552,0.124772,
-0.003931,0.009040,0.124673,
-0.003933,0.010242,0.124580,
-0.003934,0.011125,0.124504,
-0.003936,0.011664,0.124455,
-0.003936,0.011846,0.124437,
TipCurve1,
-0.003785,0.011721,0.124449,
-0.003936,0.011664,0.124455,
TipCurve2,
-0.003430,0.011314,0.124487,
-0.003934,0.011125,0.124504,
TipCurve3,
-0.002847,0.010649,0.124546,
-0.003933,0.010242,0.124580,
TipCurve4,
-0.002055,0.009742,0.124620,
-0.003931,0.009040,0.124673,
TipCurve5,
-0.001075,0.008614,0.124703,
-0.003933,0.007552,0.124772,
TipCurve6,
0.000056,0.007269,0.124788,
-0.003946,0.005841,0.124863,
TipCurve7,
0.001247,0.005739,0.124868,
-0.003934,0.003947,0.124938,
TipCurve8,
0.002420,0.004057,0.124934,
-0.003843,0.001936,0.124985,
TipCurve9,
0.003492,0.002247,0.124980,
-0.003620,-0.000115,0.125000,
TipCurve10,
0.004369,0.000341,0.125000,
-0.003206,-0.002130,0.124982,
TipCurve11,
0.005000,-0.001618,0.124990,
-0.002583,-0.004047,0.124934,
TipCurve12,
0.005419,-0.003555,0.124949,
-0.001820,-0.005830,0.124864,
TipCurve13,
0.005652,-0.005404,0.124883,
-0.000973,-0.007445,0.124778,
TipCurve14,
0.005710,-0.007109,0.124798,
-0.000080,-0.008852,0.124686,
TipCurve15,
0.005608,-0.008616,0.124703,
0.000822,-0.010019,0.124598,
TipCurve16,
0.005366,-0.009879,0.124609,
0.001693,-0.010920,0.124522,
TipCurve17,
0.005050,-0.010845,0.124529,
0.002454,-0.011548,0.124465,
TipCurve18,
0.004572,-0.011514,0.124469,
0.003190,-0.011857,0.124436,
RootSectionCurve1,
-0.021160,0.018017,0.032460,
-0.020754,0.017943,0.032501,
-0.019547,0.017722,0.032622,
-0.017571,0.017359,0.032817,
-0.014881,0.016859,0.033076,
-0.011539,0.016187,0.033410,
-0.007529,0.015176,0.033882,
-0.003258,0.013733,0.034492,
0.001092,0.011876,0.035174,
0.005353,0.009550,0.035876,
0.009319,0.006722,0.036511,
0.012826,0.003437,0.036966,
0.015845,-0.000104,0.037125,
0.018345,-0.003700,0.036940,
0.020285,-0.007181,0.036424,
0.021642,-0.010384,0.035643,
0.022410,-0.013169,0.034711,
0.022682,-0.015380,0.033790,
0.022290,-0.017048,0.032979,
0.021178,-0.017991,0.032474,
0.019714,-0.018255,0.032327,
0.018075,-0.018083,0.032423,
0.016126,-0.017415,0.032787,
0.013698,-0.016376,0.033318,
0.010935,-0.014925,0.033993,
0.007914,-0.013067,0.034750,
0.004725,-0.010818,0.035514,
0.001466,-0.008204,0.036207,
-0.001736,-0.005238,0.036754,
-0.004737,-0.001917,0.037075,
-0.007511,0.001618,0.037090,
-0.010095,0.005134,0.036768,
-0.012481,0.008398,0.036163,
-0.014753,0.011214,0.035391,
-0.016943,0.013622,0.034535,
-0.018763,0.015517,0.033727,
-0.020102,0.016876,0.033068,
-0.020920,0.017693,0.032638,
-0.021195,0.017965,0.032489,
RootCurve1,
-0.020754,0.017943,0.032501,
-0.020920,0.017693,0.032638,
RootCurve2,
-0.019547,0.017722,0.032622,
-0.020102,0.016876,0.033068,
RootCurve3,
-0.017571,0.017359,0.032817,
-0.018763,0.015517,0.033727,
RootCurve4,
-0.014881,0.016859,0.033076,
-0.016943,0.013622,0.034535,
RootCurve5,
-0.011539,0.016187,0.033410,
-0.014753,0.011214,0.035391,
RootCurve6,
-0.007529,0.015176,0.033882,
-0.012481,0.008398,0.036163,
RootCurve7,
-0.003258,0.013733,0.034492,
-0.010095,0.005134,0.036768,
RootCurve8,
0.001092,0.011876,0.035174,
-0.007511,0.001618,0.037090,
RootCurve9,
0.005353,0.009550,0.035876,
-0.004737,-0.001917,0.037075,
RootCurve10,
0.009319,0.006722,0.036511,
-0.001736,-0.005238,0.036754,
RootCurve11,
0.012826,0.003437,0.036966,
0.001466,-0.008204,0.036207,
RootCurve12,
0.015845,-0.000104,0.037125,
0.004725,-0.010818,0.035514,
RootCurve13,
0.018345,-0.003700,0.036940,
0.007914,-0.013067,0.034750,
RootCurve14,
0.020285,-0.007181,0.036424,
0.010935,-0.014925,0.033993,
RootCurve15,
0.021642,-0.010384,0.035643,
0.013698,-0.016376,0.033318,
RootCurve16,
0.022410,-0.013169,0.034711,
0.016126,-0.017415,0.032787,
RootCurve17,
0.022682,-0.015380,0.033790,
0.018075,-0.018083,0.032423,
RootCurve18,
0.022290,-0.017048,0.032979,
0.019714,-0.018255,0.032327,
