20, 20, 2,
SectionCurve1,
-0.020565,0.018827,0.032684,
-0.019929,0.019049,0.032555,
-0.018831,0.018644,0.032789,
-0.017028,0.017983,0.033156,
-0.014576,0.017069,0.033636,
-0.011541,0.015879,0.034214,
-0.007984,0.014287,0.034908,
-0.004231,0.012238,0.035678,
-0.000397,0.009792,0.036426,
0.003394,0.006959,0.037071,
0.006982,0.003769,0.037530,
0.010309,0.000375,0.037717,
0.013273,-0.003105,0.037591,
0.015822,-0.006512,0.037153,
0.017903,-0.009705,0.036449,
0.019482,-0.012558,0.035567,
0.020541,-0.014967,0.034622,
0.021126,-0.016832,0.033755,
0.021141,-0.018154,0.033063,
0.020576,-0.018813,0.032693,
0.019676,-0.018796,0.032702,
0.018493,-0.018277,0.032995,
0.016937,-0.017243,0.033547,
0.014910,-0.015778,0.034260,
0.012505,-0.013879,0.035073,
0.009783,-0.011575,0.035899,
0.006817,-0.008911,0.036651,
0.003693,-0.005946,0.037247,
0.000508,-0.002752,0.037618,
-0.002672,0.000557,0.037715,
-0.005721,0.003919,0.037515,
-0.008633,0.007146,0.037036,
-0.011362,0.010071,0.036350,
-0.013931,0.012550,0.035570,
-0.016296,0.014650,0.034758,
-0.018245,0.016302,0.034014,
-0.019678,0.017490,0.033419,
-0.020558,0.018201,0.033037,
-0.020565,0.018827,0.032684,
SectionCurve2,
-0.019937,0.021830,0.038855,
-0.019277,0.021953,0.038785,
-0.018195,0.021390,0.039098,
-0.016418,0.020467,0.039589,
-0.014001,0.019189,0.040224,
-0.011015,0.017545,0.040968,
-0.007546,0.015431,0.041810,
-0.003895,0.012828,0.042681,
-0.000168,0.009807,0.043474,
0.003506,0.006408,0.044104,
0.006971,0.002688,0.044486,
0.010175,-0.001187,0.044551,
0.013022,-0.005081,0.044276,
0.015462,-0.008832,0.043683,
0.017447,-0.012295,0.042837,
0.018947,-0.015348,0.041841,
0.019947,-0.017893,0.040817,
0.020492,-0.019837,0.039909,
0.020493,-0.021180,0.039213,
0.019948,-0.021817,0.038862,
0.019084,-0.021739,0.038906,
0.017931,-0.021087,0.039262,
0.016411,-0.019855,0.039900,
0.014429,-0.018118,0.040718,
0.012077,-0.015879,0.041642,
0.009415,-0.013176,0.042575,
0.006516,-0.010063,0.043416,
0.003466,-0.006616,0.044073,
0.000360,-0.002921,0.044471,
-0.002736,0.000891,0.044558,
-0.005696,0.004735,0.044315,
-0.008515,0.008418,0.043765,
-0.011157,0.011769,0.042985,
-0.013641,0.014642,0.042093,
-0.015903,0.017079,0.041164,
-0.017764,0.019001,0.040314,
-0.019133,0.020385,0.039632,
-0.019973,0.021214,0.039194,
-0.019937,0.021830,0.038855,
SectionCurve3,
-0.019203,0.024507,0.045151,
-0.018540,0.024543,0.045131,
-0.017487,0.023840,0.045506,
-0.015756,0.022684,0.046093,
-0.013401,0.021085,0.046846,
-0.010496,0.019039,0.047715,
-0.007143,0.016469,0.048661,
-0.003618,0.013380,0.049600,
-0.000024,0.009858,0.050418,
0.003514,0.005964,0.051025,
0.006843,0.001780,0.051342,
0.009915,-0.002516,0.051311,
0.012639,-0.006779,0.050924,
0.014969,-0.010839,0.050216,
0.016860,-0.014552,0.049269,
0.018285,-0.017796,0.048192,
0.019231,-0.020476,0.047116,
0.019743,-0.022504,0.046182,
0.019736,-0.023874,0.045488,
0.019215,-0.024496,0.045156,
0.018390,-0.024359,0.045230,
0.017277,-0.023585,0.045639,
0.015806,-0.022169,0.046343,
0.013886,-0.020181,0.047243,
0.011608,-0.017632,0.048252,
0.009029,-0.014567,0.049264,
0.006222,-0.011052,0.050170,
0.003269,-0.007174,0.050869,
0.000265,-0.003035,0.051283,
-0.002726,0.001221,0.051358,
-0.005580,0.005490,0.051079,
-0.008294,0.009575,0.050473,
-0.010837,0.013301,0.049621,
-0.013226,0.016521,0.048644,
-0.015386,0.019252,0.047629,
-0.017161,0.021410,0.046699,
-0.018465,0.022966,0.045954,
-0.019267,0.023900,0.045474,
-0.019203,0.024507,0.045151,
SectionCurve4,
-0.018474,0.026841,0.051522,
-0.017820,0.026802,0.051542,
-0.016800,0.025977,0.051963,
-0.015124,0.024618,0.052620,
-0.012843,0.022741,0.053459,
-0.010034,0.020349,0.054414,
-0.006804,0.017388,0.055431,
-0.003412,0.013882,0.056411,
0.000046,0.009931,0.057239,
0.003446,0.005614,0.057822,
0.006641,0.001034,0.058085,
0.009587,-0.003626,0.057981,
0.012197,-0.008209,0.057512,
0.014427,-0.012543,0.056724,
0.016235,-0.016481,0.055708,
0.017597,-0.019901,0.054579,
0.018499,-0.022708,0.053472,
0.018986,-0.024818,0.052526,
0.018978,-0.026220,0.051841,
0.018486,-0.026832,0.051527,
0.017701,-0.026642,0.051625,
0.016633,-0.025757,0.052072,
0.015216,-0.024175,0.052825,
0.013367,-0.021962,0.053783,
0.011169,-0.019138,0.054851,
0.008681,-0.015755,0.055917,
0.005972,-0.011888,0.056865,
0.003123,-0.007635,0.057590,
0.000224,-0.003112,0.058011,
-0.002660,0.001528,0.058074,
-0.005410,0.006162,0.057767,
-0.008024,0.010594,0.057120,
-0.010472,0.014644,0.056218,
-0.012772,0.018162,0.055182,
-0.014840,0.021146,0.054109,
-0.016537,0.023509,0.053125,
-0.017784,0.025215,0.052337,
-0.018551,0.026242,0.051830,
-0.018474,0.026841,0.051522,
SectionCurve5,
-0.017694,0.028755,0.057948,
-0.017060,0.028651,0.058000,
-0.016080,0.027723,0.058449,
-0.014468,0.026194,0.059150,
-0.012277,0.024083,0.060040,
-0.009579,0.021403,0.061047,
-0.006487,0.018120,0.062101,
-0.003240,0.014274,0.063096,
0.000069,0.009974,0.063917,
0.003321,0.005316,0.064472,
0.006375,0.000418,0.064689,
0.009191,-0.004533,0.064531,
0.011684,-0.009374,0.064008,
0.013814,-0.013929,0.063173,
0.015542,-0.018052,0.062121,
0.016843,-0.021618,0.060971,
0.017706,-0.024533,0.059858,
0.018172,-0.026713,0.058917,
0.018168,-0.028142,0.058248,
0.017706,-0.028746,0.057952,
0.016964,-0.028513,0.058068,
0.015944,-0.027533,0.058538,
0.014588,-0.025811,0.059318,
0.012815,-0.023410,0.060306,
0.010707,-0.020357,0.061404,
0.008320,-0.016710,0.062495,
0.005720,-0.012555,0.063460,
0.002985,-0.007997,0.064194,
0.000203,-0.003164,0.064613,
-0.002566,0.001784,0.064666,
-0.005205,0.006713,0.064341,
-0.007711,0.011425,0.063673,
-0.010059,0.015738,0.062747,
-0.012264,0.019500,0.061681,
-0.014238,0.022694,0.060579,
-0.015856,0.025227,0.059569,
-0.017046,0.027058,0.058760,
-0.017777,0.028162,0.058239,
-0.017694,0.028755,0.057948,
SectionCurve6,
-0.016931,0.030339,0.064324,
-0.016321,0.030180,0.064399,
-0.015383,0.029164,0.064865,
-0.013841,0.027491,0.065592,
-0.011744,0.025183,0.066512,
-0.009163,0.022261,0.067546,
-0.006212,0.018709,0.068615,
-0.003113,0.014582,0.069609,
0.000047,0.009996,0.070414,
0.003152,0.005060,0.070940,
0.006070,-0.000098,0.071120,
0.008760,-0.005285,0.070923,
0.011144,-0.010335,0.070365,
0.013182,-0.015072,0.069505,
0.014837,-0.019347,0.068438,
0.016085,-0.023036,0.067286,
0.016915,-0.026041,0.066181,
0.017368,-0.028281,0.065255,
0.017372,-0.029734,0.064606,
0.016942,-0.030332,0.064328,
0.016243,-0.030061,0.064455,
0.015272,-0.029001,0.064938,
0.013976,-0.027160,0.065730,
0.012280,-0.024600,0.066730,
0.010262,-0.021355,0.067838,
0.007975,-0.017491,0.068936,
0.005483,-0.013097,0.069904,
0.002861,-0.008290,0.070635,
0.000194,-0.003203,0.071048,
-0.002461,0.001998,0.071092,
-0.004991,0.007168,0.070758,
-0.007393,0.012108,0.070082,
-0.009644,0.016638,0.069146,
-0.011755,0.020604,0.068070,
-0.013639,0.023971,0.066959,
-0.015182,0.026646,0.065940,
-0.016317,0.028583,0.065124,
-0.017014,0.029752,0.064598,
-0.016931,0.030339,0.064324,
SectionCurve7,
-0.016072,0.031395,0.070685,
-0.015491,0.031192,0.070775,
-0.014601,0.030110,0.071242,
-0.013138,0.028330,0.071969,
-0.011149,0.025876,0.072887,
-0.008701,0.022778,0.073914,
-0.005907,0.019036,0.074965,
-0.002972,0.014714,0.075931,
0.000022,0.009935,0.076703,
0.002965,0.004815,0.077194,
0.005731,-0.000508,0.077342,
0.008282,-0.005843,0.077123,
0.010544,-0.011022,0.076554,
0.012479,-0.015869,0.075698,
0.014053,-0.020237,0.074649,
0.015241,-0.023999,0.073526,
0.016035,-0.027059,0.072456,
0.016470,-0.029335,0.071565,
0.016481,-0.030799,0.070947,
0.016083,-0.031389,0.070688,
0.015427,-0.031089,0.070821,
0.014508,-0.029970,0.071301,
0.013278,-0.028043,0.072081,
0.011668,-0.025371,0.073064,
0.009751,-0.021993,0.074151,
0.007578,-0.017981,0.075225,
0.005210,-0.013429,0.076169,
0.002718,-0.008458,0.076880,
0.000182,-0.003209,0.077277,
-0.002341,0.002151,0.077314,
-0.004747,0.007473,0.076982,
-0.007030,0.012559,0.076317,
-0.009169,0.017229,0.075400,
-0.011175,0.021330,0.074344,
-0.012959,0.024815,0.073255,
-0.014419,0.027589,0.072256,
-0.015493,0.029600,0.071455,
-0.016153,0.030816,0.070940,
-0.016072,0.031395,0.070685,
SectionCurve8,
-0.015245,0.032144,0.076873,
-0.014696,0.031905,0.076973,
-0.013854,0.030772,0.077433,
-0.012470,0.028907,0.078148,
-0.010588,0.026341,0.079050,
-0.008273,0.023108,0.080055,
-0.005633,0.019223,0.081076,
-0.002859,0.014758,0.082006,
-0.000026,0.009840,0.082740,
0.002760,0.004592,0.083197,
0.005380,-0.000844,0.083319,
0.007799,-0.006278,0.083086,
0.009946,-0.011541,0.082520,
0.011786,-0.016460,0.081681,
0.013284,-0.020887,0.080663,
0.014419,-0.024697,0.079579,
0.015180,-0.027792,0.078552,
0.015602,-0.030089,0.077701,
0.015622,-0.031558,0.077116,
0.015256,-0.032139,0.076876,
0.014642,-0.031816,0.077010,
0.013774,-0.030652,0.077480,
0.012609,-0.028661,0.078239,
0.011082,-0.025905,0.079194,
0.009263,-0.022430,0.080248,
0.007200,-0.018310,0.081287,
0.004951,-0.013646,0.082198,
0.002584,-0.008562,0.082882,
0.000175,-0.003201,0.083262,
-0.002223,0.002268,0.083292,
-0.004509,0.007692,0.082967,
-0.006678,0.012877,0.082322,
-0.008710,0.017644,0.081434,
-0.010612,0.021842,0.080409,
-0.012301,0.025412,0.079354,
-0.013682,0.028257,0.078385,
-0.014698,0.030324,0.077609,
-0.015322,0.031574,0.077109,
-0.015245,0.032144,0.076873,
SectionCurve9,
-0.014456,0.032617,0.082831,
-0.013939,0.032348,0.082936,
-0.013144,0.031177,0.083384,
-0.011838,0.029250,0.084079,
-0.010061,0.026601,0.084954,
-0.007877,0.023270,0.085926,
-0.005387,0.019284,0.086908,
-0.002767,0.014723,0.087796,
-0.000091,0.009713,0.088490,
0.002545,0.004385,0.088913,
0.005026,-0.001118,0.089014,
0.007320,-0.006607,0.088776,
0.009359,-0.011915,0.088221,
0.011109,-0.016870,0.087408,
0.012538,-0.021327,0.086429,
0.013625,-0.025160,0.085392,
0.014358,-0.028270,0.084414,
0.014769,-0.030575,0.083606,
0.014800,-0.032041,0.083055,
0.014466,-0.032612,0.082833,
0.013893,-0.032272,0.082966,
0.013073,-0.031076,0.083421,
0.011969,-0.029039,0.084152,
0.010522,-0.026226,0.085071,
0.008796,-0.022686,0.086082,
0.006839,-0.018496,0.087079,
0.004704,-0.013761,0.087951,
0.002457,-0.008608,0.088604,
0.000169,-0.003181,0.088965,
-0.002108,0.002352,0.088990,
-0.004280,0.007834,0.088676,
-0.006340,0.013076,0.088056,
-0.008270,0.017903,0.087203,
-0.010074,0.022162,0.086219,
-0.011671,0.025786,0.085205,
-0.012977,0.028680,0.084275,
-0.013937,0.030783,0.083530,
-0.014527,0.032057,0.083049,
-0.014456,0.032617,0.082831,
SectionCurve10,
-0.013613,0.032624,0.088587,
-0.013129,0.032333,0.088694,
-0.012384,0.031143,0.089119,
-0.011160,0.029187,0.089778,
-0.009495,0.026500,0.090608,
-0.007447,0.023129,0.091526,
-0.005114,0.019108,0.092449,
-0.002657,0.014522,0.093280,
-0.000144,0.009499,0.093924,
0.002332,0.004171,0.094311,
0.004666,-0.001319,0.094394,
0.006827,-0.006787,0.094159,
0.008750,-0.012068,0.093629,
0.010404,-0.016996,0.092861,
0.011757,-0.021426,0.091940,
0.012789,-0.025235,0.090968,
0.013490,-0.028324,0.090054,
0.013887,-0.030612,0.089302,
0.013927,-0.032062,0.088792,
0.013622,-0.032619,0.088589,
0.013088,-0.032269,0.088717,
0.012319,-0.031059,0.089148,
0.011279,-0.029008,0.089836,
0.009916,-0.026180,0.090701,
0.008289,-0.022626,0.091652,
0.006444,-0.018429,0.092587,
0.004431,-0.013693,0.093405,
0.002312,-0.008545,0.094016,
0.000155,-0.003129,0.094352,
-0.001992,0.002388,0.094373,
-0.004040,0.007852,0.094076,
-0.005983,0.013078,0.093493,
-0.007800,0.017896,0.092692,
-0.009498,0.022156,0.091767,
-0.010998,0.025785,0.090814,
-0.012224,0.028685,0.089940,
-0.013125,0.030797,0.089239,
-0.013678,0.032077,0.088787,
-0.013613,0.032624,0.088587,
SectionCurve11,
-0.012780,0.032308,0.094041,
-0.012329,0.032004,0.094145,
-0.011634,0.030810,0.094543,
-0.010491,0.028848,0.095159,
-0.008936,0.026156,0.095934,
-0.007025,0.022784,0.096790,
-0.004847,0.018774,0.097648,
-0.002550,0.014215,0.098415,
-0.000199,0.009232,0.099006,
0.002120,0.003957,0.099357,
0.004310,-0.001467,0.099425,
0.006339,-0.006863,0.099199,
0.008148,-0.012069,0.098701,
0.009707,-0.016926,0.097985,
0.010986,-0.021291,0.097130,
0.011965,-0.025044,0.096230,
0.012633,-0.028088,0.095387,
0.013017,-0.030340,0.094694,
0.013065,-0.031763,0.094227,
0.012788,-0.032304,0.094042,
0.012293,-0.031949,0.094164,
0.011572,-0.030740,0.094565,
0.010595,-0.028697,0.095205,
0.009314,-0.025884,0.096008,
0.007785,-0.022355,0.096891,
0.006050,-0.018192,0.097758,
0.004158,-0.013502,0.098515,
0.002166,-0.008411,0.099080,
0.000137,-0.003059,0.099389,
-0.001881,0.002390,0.099407,
-0.003806,0.007784,0.099131,
-0.005631,0.012946,0.098590,
-0.007338,0.017709,0.097846,
-0.008929,0.021929,0.096988,
-0.010333,0.025527,0.096104,
-0.011479,0.028406,0.095292,
-0.012322,0.030504,0.094642,
-0.012840,0.031778,0.094221,
-0.012780,0.032308,0.094041,
SectionCurve12,
-0.011898,0.031533,0.099197,
-0.011481,0.031222,0.099295,
-0.010838,0.030044,0.099658,
-0.009779,0.028108,0.100221,
-0.008340,0.025456,0.100927,
-0.006569,0.022138,0.101707,
-0.004552,0.018203,0.102484,
-0.002422,0.013740,0.103177,
-0.000240,0.008872,0.103709,
0.001916,0.003727,0.104021,
0.003953,-0.001553,0.104076,
0.005843,-0.006803,0.103865,
0.007531,-0.011865,0.103410,
0.008988,-0.016586,0.102758,
0.010185,-0.020830,0.101983,
0.011105,-0.024479,0.101169,
0.011737,-0.027439,0.100406,
0.012103,-0.029628,0.099782,
0.012156,-0.031008,0.099362,
0.011906,-0.031530,0.099198,
0.011449,-0.031176,0.099309,
0.010777,-0.029986,0.099675,
0.009866,-0.027983,0.100256,
0.008671,-0.025226,0.100985,
0.007245,-0.021773,0.101785,
0.005626,-0.017706,0.102571,
0.003862,-0.013130,0.103257,
0.002005,-0.008167,0.103767,
0.000114,-0.002956,0.104046,
-0.001767,0.002348,0.104062,
-0.003561,0.007598,0.103810,
-0.005261,0.012623,0.103320,
-0.006849,0.017266,0.102646,
-0.008328,0.021386,0.101867,
-0.009629,0.024902,0.101065,
-0.010692,0.027719,0.100329,
-0.011473,0.029774,0.099739,
-0.011953,0.031023,0.099357,
-0.011898,0.031533,0.099197,
SectionCurve13,
-0.010894,0.030095,0.104067,
-0.010513,0.029788,0.104155,
-0.009926,0.028652,0.104473,
-0.008960,0.026789,0.104966,
-0.007647,0.024237,0.105585,
-0.006032,0.021050,0.106266,
-0.004191,0.017278,0.106944,
-0.002246,0.013010,0.107547,
-0.000250,0.008363,0.108008,
0.001721,0.003459,0.108276,
0.003586,-0.001568,0.108319,
0.005318,-0.006562,0.108132,
0.006865,-0.011377,0.107732,
0.008202,-0.015868,0.107162,
0.009303,-0.019907,0.106486,
0.010150,-0.023382,0.105777,
0.010734,-0.026201,0.105115,
0.011074,-0.028287,0.104573,
0.011127,-0.029599,0.104209,
0.010901,-0.030092,0.104067,
0.010482,-0.029750,0.104166,
0.009865,-0.028606,0.104486,
0.009027,-0.026685,0.104993,
0.007929,-0.024045,0.105629,
0.006619,-0.020742,0.106327,
0.005133,-0.016858,0.107011,
0.003514,-0.012493,0.107608,
0.001811,-0.007764,0.108052,
0.000078,-0.002802,0.108295,
-0.001645,0.002247,0.108308,
-0.003288,0.007243,0.108088,
-0.004843,0.012029,0.107661,
-0.006294,0.016455,0.107074,
-0.007643,0.020388,0.106395,
-0.008829,0.023749,0.105695,
-0.009797,0.026446,0.105053,
-0.010508,0.028415,0.104538,
-0.010945,0.029612,0.104205,
-0.010894,0.030095,0.104067,
SectionCurve14,
-0.009904,0.028362,0.108492,
-0.009558,0.028065,0.108570,
-0.009027,0.026985,0.108843,
-0.008154,0.025215,0.109267,
-0.006966,0.022793,0.109797,
-0.005505,0.019772,0.110381,
-0.003839,0.016205,0.110961,
-0.002076,0.012176,0.111475,
-0.000266,0.007796,0.111867,
0.001524,0.003181,0.112093,
0.003218,-0.001546,0.112128,
0.004794,-0.006240,0.111965,
0.006203,-0.010763,0.111621,
0.007423,-0.014984,0.111133,
0.008429,-0.018781,0.110554,
0.009205,-0.022050,0.109949,
0.009742,-0.024702,0.109384,
0.010057,-0.026665,0.108922,
0.010111,-0.027898,0.108613,
0.009910,-0.028359,0.108493,
0.009530,-0.028033,0.108578,
0.008967,-0.026950,0.108852,
0.008201,-0.025132,0.109286,
0.007198,-0.022636,0.109830,
0.006003,-0.019518,0.110427,
0.004649,-0.015855,0.111012,
0.003174,-0.011743,0.111522,
0.001622,-0.007293,0.111901,
0.000045,-0.002626,0.112108,
-0.001523,0.002120,0.112118,
-0.003016,0.006817,0.111931,
-0.004428,0.011318,0.111566,
-0.005745,0.015486,0.111064,
-0.006966,0.019195,0.110483,
-0.008038,0.022367,0.109885,
-0.008913,0.024915,0.109336,
-0.009555,0.026777,0.108894,
-0.009950,0.027911,0.108609,
-0.009904,0.028362,0.108492,
SectionCurve15,
-0.008904,0.026299,0.112453,
-0.008596,0.026016,0.112518,
-0.008121,0.025008,0.112747,
-0.007341,0.023354,0.113101,
-0.006280,0.021095,0.113544,
-0.004974,0.018280,0.114031,
-0.003485,0.014962,0.114514,
-0.001907,0.011221,0.114941,
-0.000284,0.007160,0.115265,
0.001323,0.002885,0.115451,
0.002846,-0.001489,0.115477,
0.004263,-0.005830,0.115340,
0.005534,-0.010013,0.115052,
0.006635,-0.013917,0.114645,
0.007546,-0.017431,0.114164,
0.008251,-0.020456,0.113661,
0.008741,-0.022913,0.113191,
0.009031,-0.024730,0.112808,
0.009085,-0.025871,0.112552,
0.008910,-0.026296,0.112453,
0.008569,-0.025991,0.112524,
0.008061,-0.024981,0.112753,
0.007369,-0.023289,0.113114,
0.006465,-0.020969,0.113567,
0.005387,-0.018073,0.114064,
0.004165,-0.014675,0.114551,
0.002836,-0.010864,0.114975,
0.001439,-0.006743,0.115290,
0.000018,-0.002425,0.115461,
-0.001392,0.001967,0.115470,
-0.002735,0.006313,0.115314,
-0.004003,0.010479,0.115011,
-0.005185,0.014340,0.114593,
-0.006278,0.017781,0.114110,
-0.007237,0.020727,0.113612,
-0.008018,0.023095,0.113154,
-0.008593,0.024828,0.112787,
-0.008946,0.025883,0.112549,
-0.008904,0.026299,0.112453,
SectionCurve16,
-0.007790,0.023613,0.115977,
-0.007520,0.023355,0.116029,
-0.007107,0.022444,0.116209,
-0.006428,0.020950,0.116487,
-0.005504,0.018911,0.116836,
-0.004367,0.016373,0.117218,
-0.003070,0.013387,0.117597,
-0.001692,0.010025,0.117931,
-0.000275,0.006380,0.118184,
0.001129,0.002547,0.118329,
0.002461,-0.001373,0.118348,
0.003702,-0.005261,0.118239,
0.004816,-0.009008,0.118013,
0.005783,-0.012506,0.117694,
0.006583,-0.015656,0.117316,
0.007204,-0.018371,0.116922,
0.007637,-0.020575,0.116554,
0.007895,-0.022207,0.116254,
0.007946,-0.023231,0.116054,
0.007795,-0.023611,0.115977,
0.007496,-0.023336,0.116033,
0.007049,-0.022425,0.116212,
0.006441,-0.020901,0.116496,
0.005646,-0.018812,0.116851,
0.004699,-0.016208,0.117241,
0.003627,-0.013156,0.117623,
0.002461,-0.009736,0.117955,
0.001236,-0.006041,0.118202,
-0.000007,-0.002171,0.118336,
-0.001242,0.001764,0.118343,
-0.002416,0.005658,0.118221,
-0.003524,0.009393,0.117983,
-0.004556,0.012858,0.117656,
-0.005508,0.015949,0.117277,
-0.006341,0.018597,0.116886,
-0.007021,0.020729,0.116527,
-0.007520,0.022290,0.116238,
-0.007827,0.023242,0.116052,
-0.007790,0.023613,0.115977,
SectionCurve17,
-0.006498,0.020123,0.119039,
-0.006271,0.019901,0.119077,
-0.005927,0.019120,0.119205,
-0.005360,0.017841,0.119403,
-0.004589,0.016097,0.119650,
-0.003640,0.013928,0.119922,
-0.002557,0.011380,0.120191,
-0.001407,0.008514,0.120428,
-0.000223,0.005411,0.120607,
0.000951,0.002150,0.120709,
0.002063,-0.001183,0.120722,
0.003099,-0.004489,0.120645,
0.004028,-0.007677,0.120484,
0.004834,-0.010654,0.120257,
0.005501,-0.013336,0.119989,
0.006017,-0.015649,0.119710,
0.006377,-0.017530,0.119449,
0.006591,-0.018922,0.119236,
0.006632,-0.019796,0.119094,
0.006503,-0.020121,0.119040,
0.006249,-0.019885,0.119079,
0.005871,-0.019107,0.119207,
0.005358,-0.017805,0.119408,
0.004689,-0.016022,0.119660,
0.003894,-0.013801,0.119937,
0.002995,-0.011200,0.120208,
0.002019,-0.008288,0.120443,
0.000995,-0.005143,0.120619,
-0.000043,-0.001851,0.120714,
-0.001072,0.001495,0.120719,
-0.002049,0.004807,0.120632,
-0.002970,0.007986,0.120464,
-0.003826,0.010937,0.120232,
-0.004614,0.013573,0.119963,
-0.005304,0.015834,0.119685,
-0.005866,0.017656,0.119430,
-0.006279,0.018991,0.119225,
-0.006533,0.019805,0.119093,
-0.006498,0.020123,0.119039,
SectionCurve18,
-0.004858,0.015299,0.121630,
-0.004677,0.015132,0.121651,
-0.004416,0.014537,0.121723,
-0.003986,0.013563,0.121836,
-0.003401,0.012235,0.121976,
-0.002682,0.010586,0.122130,
-0.001860,0.008650,0.122283,
-0.000987,0.006475,0.122417,
-0.000091,0.004120,0.122519,
0.000795,0.001647,0.122577,
0.001630,-0.000881,0.122585,
0.002405,-0.003390,0.122542,
0.003096,-0.005810,0.122451,
0.003691,-0.008073,0.122322,
0.004180,-0.010115,0.122170,
0.004555,-0.011878,0.122012,
0.004812,-0.013313,0.121863,
0.004959,-0.014377,0.121742,
0.004975,-0.015047,0.121662,
0.004862,-0.015297,0.121630,
0.004655,-0.015121,0.121652,
0.004356,-0.014531,0.121724,
0.003959,-0.013542,0.121838,
0.003444,-0.012187,0.121981,
0.002836,-0.010500,0.122138,
0.002153,-0.008525,0.122292,
0.001415,-0.006315,0.122426,
0.000644,-0.003930,0.122525,
-0.000133,-0.001432,0.122580,
-0.000899,0.001107,0.122583,
-0.001620,0.003623,0.122535,
-0.002297,0.006039,0.122440,
-0.002922,0.008284,0.122308,
-0.003498,0.010293,0.122156,
-0.004000,0.012018,0.121998,
-0.004410,0.013409,0.121853,
-0.004711,0.014430,0.121736,
-0.004896,0.015053,0.121661,
-0.004858,0.015299,0.121630,
SectionCurve19,
-0.002950,0.009405,0.123568,
-0.002816,0.009310,0.123575,
-0.002649,0.008946,0.123602,
-0.002373,0.008350,0.123644,
-0.001998,0.007539,0.123696,
-0.001536,0.006532,0.123753,
-0.001010,0.005349,0.123810,
-0.000452,0.004020,0.123860,
0.000118,0.002580,0.123899,
0.000675,0.001067,0.123921,
0.001190,-0.000483,0.123924,
0.001660,-0.002024,0.123909,
0.002071,-0.003514,0.123876,
0.002417,-0.004910,0.123828,
0.002692,-0.006172,0.123772,
0.002893,-0.007264,0.123712,
0.003020,-0.008156,0.123657,
0.003081,-0.008820,0.123611,
0.003059,-0.009241,0.123580,
0.002953,-0.009403,0.123568,
0.002791,-0.009303,0.123576,
0.002577,-0.008948,0.123602,
0.002307,-0.008346,0.123644,
0.001964,-0.007521,0.123697,
0.001568,-0.006491,0.123755,
0.001130,-0.005285,0.123813,
0.000665,-0.003933,0.123863,
0.000188,-0.002472,0.123901,
-0.000285,-0.000940,0.123922,
-0.000742,0.000620,0.123924,
-0.001161,0.002168,0.123906,
-0.001547,0.003658,0.123871,
-0.001898,0.005046,0.123823,
-0.002219,0.006289,0.123766,
-0.002499,0.007359,0.123707,
-0.002728,0.008223,0.123652,
-0.002896,0.008857,0.123609,
-0.002999,0.009244,0.123580,
-0.002950,0.009405,0.123568,
SectionCurve20,
-0.001493,0.004797,0.124639,
-0.001393,0.004760,0.124640,
-0.001297,0.004578,0.124647,
-0.001138,0.004280,0.124657,
-0.000922,0.003876,0.124671,
-0.000655,0.003373,0.124685,
-0.000351,0.002780,0.124700,
-0.000031,0.002112,0.124713,
0.000291,0.001387,0.124723,
0.000598,0.000622,0.124729,
0.000869,-0.000166,0.124731,
0.001107,-0.000953,0.124727,
0.001303,-0.001718,0.124719,
0.001457,-0.002437,0.124707,
0.001567,-0.003090,0.124693,
0.001633,-0.003658,0.124677,
0.001658,-0.004125,0.124663,
0.001652,-0.004475,0.124651,
0.001598,-0.004702,0.124642,
0.001496,-0.004796,0.124639,
0.001365,-0.004756,0.124640,
0.001214,-0.004586,0.124647,
0.001039,-0.004290,0.124657,
0.000826,-0.003881,0.124671,
0.000590,-0.003366,0.124686,
0.000339,-0.002761,0.124700,
0.000082,-0.002079,0.124714,
-0.000172,-0.001339,0.124724,
-0.000411,-0.000560,0.124730,
-0.000633,0.000236,0.124731,
-0.000820,0.001032,0.124727,
-0.000982,0.001800,0.124718,
-0.001123,0.002518,0.124706,
-0.001248,0.003163,0.124691,
-0.001357,0.003720,0.124675,
-0.001446,0.004170,0.124661,
-0.001512,0.004501,0.124650,
-0.001553,0.004703,0.124642,
-0.001493,0.004797,0.124639,
SectionCurve21,
-0.000960,0.003092,0.124962,
-0.000872,0.003076,0.124962,
-0.000802,0.002962,0.124965,
-0.000685,0.002775,0.124969,
-0.000527,0.002521,0.124975,
-0.000331,0.002205,0.124981,
-0.000109,0.001830,0.124987,
0.000124,0.001408,0.124992,
0.000355,0.000947,0.124996,
0.000571,0.000459,0.124999,
0.000753,-0.000048,0.125000,
0.000906,-0.000556,0.124999,
0.001023,-0.001053,0.124996,
0.001106,-0.001522,0.124991,
0.001155,-0.001950,0.124985,
0.001173,-0.002324,0.124978,
0.001160,-0.002634,0.124972,
0.001129,-0.002868,0.124967,
0.001063,-0.003022,0.124963,
0.000962,-0.003091,0.124962,
0.000843,-0.003073,0.124962,
0.000714,-0.002972,0.124965,
0.000574,-0.002790,0.124969,
0.000409,-0.002534,0.124974,
0.000232,-0.002211,0.124980,
0.000049,-0.001828,0.124987,
-0.000132,-0.001394,0.124992,
-0.000304,-0.000921,0.124997,
-0.000459,-0.000420,0.124999,
-0.000593,0.000094,0.125000,
-0.000696,0.000611,0.124999,
-0.000776,0.001113,0.124995,
-0.000839,0.001583,0.124990,
-0.000893,0.002007,0.124984,
-0.000939,0.002374,0.124977,
-0.000977,0.002671,0.124971,
-0.001005,0.002889,0.124967,
-0.001023,0.003022,0.124963,
-0.000960,0.003092,0.124962,
GuideCurve1,
-0.020565,0.018827,0.032684,
-0.019937,0.021830,0.038855,
-0.019203,0.024507,0.045151,
-0.018474,0.026841,0.051522,
-0.017694,0.028755,0.057948,
-0.016931,0.030339,0.064324,
-0.016072,0.031395,0.070685,
-0.015245,0.032144,0.076873,
-0.014456,0.032617,0.082831,
-0.013613,0.032624,0.088587,
-0.012780,0.032308,0.094041,
-0.011898,0.031533,0.099197,
-0.010894,0.030095,0.104067,
-0.009904,0.028362,0.108492,
-0.008904,0.026299,0.112453,
-0.007790,0.023613,0.115977,
-0.006498,0.020123,0.119039,
-0.004858,0.015299,0.121630,
-0.002950,0.009405,0.123568,
-0.001493,0.004797,0.124639,
-0.000960,0.003092,0.124962,
GuideCurve2,
-0.011541,0.015879,0.034214,
-0.011015,0.017545,0.040968,
-0.010496,0.019039,0.047715,
-0.010034,0.020349,0.054414,
-0.009579,0.021403,0.061047,
-0.009163,0.022261,0.067546,
-0.008701,0.022778,0.073914,
-0.008273,0.023108,0.080055,
-0.007877,0.023270,0.085926,
-0.007447,0.023129,0.091526,
-0.007025,0.022784,0.096790,
-0.006569,0.022138,0.101707,
-0.006032,0.021050,0.106266,
-0.005505,0.019772,0.110381,
-0.004974,0.018280,0.114031,
-0.004367,0.016373,0.117218,
-0.003640,0.013928,0.119922,
-0.002682,0.010586,0.122130,
-0.001536,0.006532,0.123753,
-0.000655,0.003373,0.124685,
-0.000331,0.002205,0.124981,
GuideCurve3,
0.013273,-0.003105,0.037591,
0.013022,-0.005081,0.044276,
0.012639,-0.006779,0.050924,
0.012197,-0.008209,0.057512,
0.011684,-0.009374,0.064008,
0.011144,-0.010335,0.070365,
0.010544,-0.011022,0.076554,
0.009946,-0.011541,0.082520,
0.009359,-0.011915,0.088221,
0.008750,-0.012068,0.093629,
0.008148,-0.012069,0.098701,
0.007531,-0.011865,0.103410,
0.006865,-0.011377,0.107732,
0.006203,-0.010763,0.111621,
0.005534,-0.010013,0.115052,
0.004816,-0.009008,0.118013,
0.004028,-0.007677,0.120484,
0.003096,-0.005810,0.122451,
0.002071,-0.003514,0.123876,
0.001303,-0.001718,0.124719,
0.001023,-0.001053,0.124996,
GuideCurve4,
0.020576,-0.018813,0.032693,
0.019948,-0.021817,0.038862,
0.019215,-0.024496,0.045156,
0.018486,-0.026832,0.051527,
0.017706,-0.028746,0.057952,
0.016942,-0.030332,0.064328,
0.016083,-0.031389,0.070688,
0.015256,-0.032139,0.076876,
0.014466,-0.032612,0.082833,
0.013622,-0.032619,0.088589,
0.012788,-0.032304,0.094042,
0.011906,-0.031530,0.099198,
0.010901,-0.030092,0.104067,
0.009910,-0.028359,0.108493,
0.008910,-0.026296,0.112453,
0.007795,-0.023611,0.115977,
0.006503,-0.020121,0.119040,
0.004862,-0.015297,0.121630,
0.002953,-0.009403,0.123568,
0.001496,-0.004796,0.124639,
0.000962,-0.003091,0.124962,
GuideCurve5,
0.012505,-0.013879,0.035073,
0.012077,-0.015879,0.041642,
0.011608,-0.017632,0.048252,
0.011169,-0.019138,0.054851,
0.010707,-0.020357,0.061404,
0.010262,-0.021355,0.067838,
0.009751,-0.021993,0.074151,
0.009263,-0.022430,0.080248,
0.008796,-0.022686,0.086082,
0.008289,-0.022626,0.091652,
0.007785,-0.022355,0.096891,
0.007245,-0.021773,0.101785,
0.006619,-0.020742,0.106327,
0.006003,-0.019518,0.110427,
0.005387,-0.018073,0.114064,
0.004699,-0.016208,0.117241,
0.003894,-0.013801,0.119937,
0.002836,-0.010500,0.122138,
0.001568,-0.006491,0.123755,
0.000590,-0.003366,0.124686,
0.000232,-0.002211,0.124980,
GuideCurve6,
-0.008633,0.007146,0.037036,
-0.008515,0.008418,0.043765,
-0.008294,0.009575,0.050473,
-0.008024,0.010594,0.057120,
-0.007711,0.011425,0.063673,
-0.007393,0.012108,0.070082,
-0.007030,0.012559,0.076317,
-0.006678,0.012877,0.082322,
-0.006340,0.013076,0.088056,
-0.005983,0.013078,0.093493,
-0.005631,0.012946,0.098590,
-0.005261,0.012623,0.103320,
-0.004843,0.012029,0.107661,
-0.004428,0.011318,0.111566,
-0.004003,0.010479,0.115011,
-0.003524,0.009393,0.117983,
-0.002970,0.007986,0.120464,
-0.002297,0.006039,0.122440,
-0.001547,0.003658,0.123871,
-0.000982,0.001800,0.124718,
-0.000776,0.001113,0.124995,
GuideCurve7,
-0.020558,0.018201,0.033037,
-0.019973,0.021214,0.039194,
-0.019267,0.023900,0.045474,
-0.018551,0.026242,0.051830,
-0.017777,0.028162,0.058239,
-0.017014,0.029752,0.064598,
-0.016153,0.030816,0.070940,
-0.015322,0.031574,0.077109,
-0.014527,0.032057,0.083049,
-0.013678,0.032077,0.088787,
-0.012840,0.031778,0.094221,
-0.011953,0.031023,0.099357,
-0.010945,0.029612,0.104205,
-0.009950,0.027911,0.108609,
-0.008946,0.025883,0.112549,
-0.007827,0.023242,0.116052,
-0.006533,0.019805,0.119093,
-0.004896,0.015053,0.121661,
-0.002999,0.009244,0.123580,
-0.001553,0.004703,0.124642,
-0.001023,0.003022,0.124963,
TipSectionCurve21,
-0.000960,0.003092,0.124962,
-0.000872,0.003076,0.124962,
-0.000802,0.002962,0.124965,
-0.000685,0.002775,0.124969,
-0.000527,0.002521,0.124975,
-0.000331,0.002205,0.124981,
-0.000109,0.001830,0.124987,
0.000124,0.001408,0.124992,
0.000355,0.000947,0.124996,
0.000571,0.000459,0.124999,
0.000753,-0.000048,0.125000,
0.000906,-0.000556,0.124999,
0.001023,-0.001053,0.124996,
0.001106,-0.001522,0.124991,
0.001155,-0.001950,0.124985,
0.001173,-0.002324,0.124978,
0.001160,-0.002634,0.124972,
0.001129,-0.002868,0.124967,
0.001063,-0.003022,0.124963,
0.000962,-0.003091,0.124962,
0.000843,-0.003073,0.124962,
0.000714,-0.002972,0.124965,
0.000574,-0.002790,0.124969,
0.000409,-0.002534,0.124974,
0.000232,-0.002211,0.124980,
0.000049,-0.001828,0.124987,
-0.000132,-0.001394,0.124992,
-0.000304,-0.000921,0.124997,
-0.000459,-0.000420,0.124999,
-0.000593,0.000094,0.125000,
-0.000696,0.000611,0.124999,
-0.000776,0.001113,0.124995,
-0.000839,0.001583,0.124990,
-0.000893,0.002007,0.124984,
-0.000939,0.002374,0.124977,
-0.000977,0.002671,0.124971,
-0.001005,0.002889,0.124967,
-0.001023,0.003022,0.124963,
-0.000960,0.003092,0.124962,
TipCurve1,
-0.000872,0.003076,0.124962,
-0.001023,0.003022,0.124963,
TipCurve2,
-0.000802,0.002962,0.124965,
-0.001005,0.002889,0.124967,
TipCurve3,
-0.000685,0.002775,0.124969,
-0.000977,0.002671,0.124971,
TipCurve4,
-0.000527,0.002521,0.124975,
-0.000939,0.002374,0.124977,
TipCurve5,
-0.000331,0.002205,0.124981,
-0.000893,0.002007,0.124984,
TipCurve6,
-0.000109,0.001830,0.124987,
-0.000839,0.001583,0.124990,
TipCurve7,
0.000124,0.001408,0.124992,
-0.000776,0.001113,0.124995,
TipCurve8,
0.000355,0.000947,0.124996,
-0.000696,0.000611,0.124999,
TipCurve9,
0.000571,0.000459,0.124999,
-0.000593,0.000094,0.125000,
TipCurve10,
0.000753,-0.000048,0.125000,
-0.000459,-0.000420,0.124999,
TipCurve11,
0.000906,-0.000556,0.124999,
-0.000304,-0.000921,0.124997,
TipCurve12,
0.001023,-0.001053,0.124996,
-0.000132,-0.001394,0.124992,
TipCurve13,
0.001106,-0.001522,0.124991,
0.000049,-0.001828,0.124987,
TipCurve14,
0.001155,-0.001950,0.124985,
0.000232,-0.002211,0.124980,
TipCurve15,
0.001173,-0.002324,0.124978,
0.000409,-0.002534,0.124974,
TipCurve16,
0.001160,-0.002634,0.124972,
0.000574,-0.002790,0.124969,
TipCurve17,
0.001129,-0.002868,0.124967,
0.000714,-0.002972,0.124965,
TipCurve18,
0.001063,-0.003022,0.124963,
0.000843,-0.003073,0.124962,
RootSectionCurve1,
-0.020565,0.018827,0.032684,
-0.019929,0.019049,0.032555,
-0.018831,0.018644,0.032789,
-0.017028,0.017983,0.033156,
-0.014576,0.017069,0.033636,
-0.011541,0.015879,0.034214,
-0.007984,0.014287,0.034908,
-0.004231,0.012238,0.035678,
-0.000397,0.009792,0.036426,
0.003394,0.006959,0.037071,
0.006982,0.003769,0.037530,
0.010309,0.000375,0.037717,
0.013273,-0.003105,0.037591,
0.015822,-0.006512,0.037153,
0.017903,-0.009705,0.036449,
0.019482,-0.012558,0.035567,
0.020541,-0.014967,0.034622,
0.021126,-0.016832,0.033755,
0.021141,-0.018154,0.033063,
0.020576,-0.018813,0.032693,
0.019676,-0.018796,0.032702,
0.018493,-0.018277,0.032995,
0.016937,-0.017243,0.033547,
0.014910,-0.015778,0.034260,
0.012505,-0.013879,0.035073,
0.009783,-0.011575,0.035899,
0.006817,-0.008911,0.036651,
0.003693,-0.005946,0.037247,
0.000508,-0.002752,0.037618,
-0.002672,0.000557,0.037715,
-0.005721,0.003919,0.037515,
-0.008633,0.007146,0.037036,
-0.011362,0.010071,0.036350,
-0.013931,0.012550,0.035570,
-0.016296,0.014650,0.034758,
-0.018245,0.016302,0.034014,
-0.019678,0.017490,0.033419,
-0.020558,0.018201,0.033037,
-0.020565,0.018827,0.032684,
RootCurve1,
-0.019929,0.019049,0.032555,
-0.020558,0.018201,0.033037,
RootCurve2,
-0.018831,0.018644,0.032789,
-0.019678,0.017490,0.033419,
RootCurve3,
-0.017028,0.017983,0.033156,
-0.018245,0.016302,0.034014,
RootCurve4,
-0.014576,0.017069,0.033636,
-0.016296,0.014650,0.034758,
RootCurve5,
-0.011541,0.015879,0.034214,
-0.013931,0.012550,0.035570,
RootCurve6,
-0.007984,0.014287,0.034908,
-0.011362,0.010071,0.036350,
RootCurve7,
-0.004231,0.012238,0.035678,
-0.008633,0.007146,0.037036,
RootCurve8,
-0.000397,0.009792,0.036426,
-0.005721,0.003919,0.037515,
RootCurve9,
0.003394,0.006959,0.037071,
-0.002672,0.000557,0.037715,
RootCurve10,
0.006982,0.003769,0.037530,
0.000508,-0.002752,0.037618,
RootCurve11,
0.010309,0.000375,0.037717,
0.003693,-0.005946,0.037247,
RootCurve12,
0.013273,-0.003105,0.037591,
0.006817,-0.008911,0.036651,
RootCurve13,
0.015822,-0.006512,0.037153,
0.009783,-0.011575,0.035899,
RootCurve14,
0.017903,-0.009705,0.036449,
0.012505,-0.013879,0.035073,
RootCurve15,
0.019482,-0.012558,0.035567,
0.014910,-0.015778,0.034260,
RootCurve16,
0.020541,-0.014967,0.034622,
0.016937,-0.017243,0.033547,
RootCurve17,
0.021126,-0.016832,0.033755,
0.018493,-0.018277,0.032995,
RootCurve18,
0.021141,-0.018154,0.033063,
0.019676,-0.018796,0.032702,
